Bandstop Coefficients
Filter order            = 64 -th
Sampling Freq fs        = 100.0 Hz
Stop band freq [fc1 fc2] = [10.00 15.00]Hz


 [0.000005,
0.000005,
-0.000000,
-0.000011,
-0.000020,
-0.000017,
0.000000,
0.000021,
0.000031,
0.000021,
-0.000000,
-0.000010,
-0.000000,
0.000015,
-0.000000,
-0.000058,
-0.000124,
-0.000122,
-0.000000,
0.000206,
0.000359,
0.000305,
-0.000000,
-0.000411,
-0.000656,
-0.000515,
-0.000000,
0.000605,
0.000907,
0.000671,
-0.000000,
-0.000704,
0.008994,
-0.000700,
-0.000000,
0.000661,
0.000889,
0.000590,
-0.000000,
-0.000497,
-0.000630,
-0.000392,
-0.000000,
0.000287,
0.000336,
0.000192,
-0.000000,
-0.000112,
-0.000113,
-0.000053,
-0.000000,
0.000013,
-0.000000,
-0.000009,
-0.000000,
0.000018,
0.000026,
0.000018,
0.000000,
-0.000014,
-0.000015,
-0.000008,
-0.000000,
0.000004,
]