Bandpass Coefficients
Filter order            = 128 -th
Sampling Freq fs        = 100.0 Hz
Bandpass freq [fc1 fc2] = [2.20 4.40]Hz


 [-0.000000,
-0.000000,
-0.000000,
-0.000000,
-0.000000,
-0.000000,
-0.000000,
-0.000000,
-0.000000,
-0.000000,
-0.000000,
0.000000,
0.000000,
0.000000,
0.000000,
0.000000,
0.000001,
0.000000,
0.000000,
-0.000000,
-0.000001,
-0.000001,
-0.000002,
-0.000002,
-0.000002,
-0.000002,
-0.000000,
0.000002,
0.000006,
0.000011,
0.000018,
0.000025,
0.000034,
0.000043,
0.000051,
0.000058,
0.000062,
0.000062,
0.000057,
0.000047,
0.000031,
0.000007,
-0.000022,
-0.000057,
-0.000096,
-0.000137,
-0.000177,
-0.000215,
-0.000246,
-0.000268,
-0.000278,
-0.000274,
-0.000255,
-0.000220,
-0.000170,
-0.000107,
-0.000034,
0.000047,
0.000131,
0.000212,
0.000287,
0.000351,
0.000399,
0.000430,
0.000440,
0.000430,
0.000399,
0.000351,
0.000287,
0.000212,
0.000131,
0.000047,
-0.000034,
-0.000107,
-0.000170,
-0.000220,
-0.000255,
-0.000274,
-0.000278,
-0.000268,
-0.000246,
-0.000215,
-0.000177,
-0.000137,
-0.000096,
-0.000057,
-0.000022,
0.000007,
0.000031,
0.000047,
0.000057,
0.000062,
0.000062,
0.000058,
0.000051,
0.000043,
0.000034,
0.000025,
0.000018,
0.000011,
0.000006,
0.000002,
-0.000000,
-0.000002,
-0.000002,
-0.000002,
-0.000002,
-0.000001,
-0.000001,
-0.000000,
0.000000,
0.000000,
0.000001,
0.000000,
0.000000,
0.000000,
0.000000,
0.000000,
-0.000000,
-0.000000,
-0.000000,
-0.000000,
-0.000000,
-0.000000,
-0.000000,
-0.000000,
-0.000000,
-0.000000,
]