HighPass Coefficients
Filter order            = 128 -th
Sampling Freq fs        = 100.0 Hz
Highpass freq fc= 10.00 Hz


 [0.000000,
-0.000000,
-0.000000,
-0.000000,
-0.000000,
0.000000,
0.000000,
0.000001,
0.000000,
-0.000000,
-0.000001,
-0.000002,
-0.000002,
-0.000002,
0.000000,
0.000002,
0.000004,
0.000005,
0.000004,
0.000000,
-0.000005,
-0.000009,
-0.000010,
-0.000007,
-0.000000,
0.000009,
0.000017,
0.000019,
0.000013,
0.000000,
-0.000016,
-0.000029,
-0.000032,
-0.000022,
-0.000000,
0.000027,
0.000048,
0.000053,
0.000036,
-0.000000,
-0.000043,
-0.000077,
-0.000084,
-0.000057,
-0.000000,
0.000068,
0.000121,
0.000133,
0.000090,
0.000000,
-0.000110,
-0.000197,
-0.000219,
-0.000151,
-0.000000,
0.000192,
0.000355,
0.000412,
0.000301,
0.000000,
-0.000460,
-0.001000,
-0.001508,
-0.001869,
0.008000,
-0.001869,
-0.001508,
-0.001000,
-0.000460,
0.000000,
0.000301,
0.000412,
0.000355,
0.000192,
-0.000000,
-0.000151,
-0.000219,
-0.000197,
-0.000110,
0.000000,
0.000090,
0.000133,
0.000121,
0.000068,
-0.000000,
-0.000057,
-0.000084,
-0.000077,
-0.000043,
-0.000000,
0.000036,
0.000053,
0.000048,
0.000027,
-0.000000,
-0.000022,
-0.000032,
-0.000029,
-0.000016,
0.000000,
0.000013,
0.000019,
0.000017,
0.000009,
-0.000000,
-0.000007,
-0.000010,
-0.000009,
-0.000005,
0.000000,
0.000004,
0.000005,
0.000004,
0.000002,
0.000000,
-0.000002,
-0.000002,
-0.000002,
-0.000001,
-0.000000,
0.000000,
0.000001,
0.000000,
0.000000,
-0.000000,
-0.000000,
-0.000000,
-0.000000,
]