LowPass Coef
Filter order            = 128 -th
Sampling Freq fs        = 100.0 Hz
Low pass Cutoff freq fc = 2.20 Hz


 [0.000000,
0.000000,
0.000000,
0.000000,
0.000000,
0.000001,
0.000001,
0.000002,
0.000002,
0.000003,
0.000003,
0.000004,
0.000004,
0.000004,
0.000004,
0.000004,
0.000003,
0.000002,
0.000001,
-0.000001,
-0.000003,
-0.000006,
-0.000009,
-0.000013,
-0.000017,
-0.000021,
-0.000025,
-0.000030,
-0.000034,
-0.000038,
-0.000042,
-0.000045,
-0.000048,
-0.000049,
-0.000049,
-0.000048,
-0.000045,
-0.000041,
-0.000035,
-0.000026,
-0.000016,
-0.000004,
0.000011,
0.000027,
0.000046,
0.000066,
0.000088,
0.000111,
0.000136,
0.000162,
0.000188,
0.000215,
0.000242,
0.000268,
0.000294,
0.000319,
0.000342,
0.000364,
0.000383,
0.000400,
0.000414,
0.000425,
0.000433,
0.000438,
0.000440,
0.000438,
0.000433,
0.000425,
0.000414,
0.000400,
0.000383,
0.000364,
0.000342,
0.000319,
0.000294,
0.000268,
0.000242,
0.000215,
0.000188,
0.000162,
0.000136,
0.000111,
0.000088,
0.000066,
0.000046,
0.000027,
0.000011,
-0.000004,
-0.000016,
-0.000026,
-0.000035,
-0.000041,
-0.000045,
-0.000048,
-0.000049,
-0.000049,
-0.000048,
-0.000045,
-0.000042,
-0.000038,
-0.000034,
-0.000030,
-0.000025,
-0.000021,
-0.000017,
-0.000013,
-0.000009,
-0.000006,
-0.000003,
-0.000001,
0.000001,
0.000002,
0.000003,
0.000004,
0.000004,
0.000004,
0.000004,
0.000004,
0.000003,
0.000003,
0.000002,
0.000002,
0.000001,
0.000001,
0.000000,
0.000000,
0.000000,
0.000000,
]